Matrix A:
(28, 0): 1
(31, 1): 1
(29, 2): 1
(30, 3): 1
(32, 4): 1
(53, 5): 1
(36, 6): 1
(37, 7): 1
(38, 8): 1
(39, 9): 1
(43, 10): 1
(45, 11): 1
(46, 12): 1
(47, 13): 1
(48, 14): 1
(50, 15): 1
(51, 16): 1
(49, 17): 1
(44, 18): 1
(52, 19): 1
(40, 20): 1
(41, 21): 1
(42, 22): 1
(34, 23): 1
(35, 23): 1
(56, 24): 1
(57, 24): 1
(58, 24): 1
(59, 24): 1
(54, 25): 1
(55, 26): 1
(33, 27): 1
(15, 28): 1
(16, 28): 1
(18, 28): 1
(31, 28): 1
(34, 28): 1
(35, 28): 1
(53, 28): 1
(56, 28): 1
(57, 28): 1
(58, 28): 1
(59, 28): 2
(81, 28): 1
(85, 28): 1
(17, 29): 1
(86, 29): 1
(87, 30): 1
(19, 31): 1
(34, 32): 1
(35, 32): 1
(61, 32): 1
(81, 32): 1
(88, 33): 1
(90, 34): 1
(89, 35): 1
(91, 36): 1
(66, 37): 1
(74, 37): 1
(85, 37): 1
(86, 37): 1
(87, 37): 1
(66, 38): 1
(62, 39): 1
(63, 40): 1
(64, 41): 1
(65, 42): 1
(67, 43): 1
(82, 44): 1
(83, 45): 1
(74, 46): 1
(75, 46): 1
(76, 46): 1
(77, 46): 1
(78, 46): 1
(79, 46): 1
(80, 46): 1
(81, 46): 1
(68, 47): 1
(70, 48): 1
(71, 49): 1
(72, 50): 1
(73, 51): 1
(84, 52): 1
(69, 53): 1
(6, 54): 1
(75, 54): 1
(76, 55): 1
(77, 56): 1
(78, 57): 1
(79, 58): 1
(80, 59): 1
(31, 60): 1
(34, 60): 1
(35, 60): 1
(53, 60): 1
(59, 60): 1
(60, 60): 1
(81, 60): 1
(1, 61): 1
(0, 62): 1
(1, 63): 1
(2, 64): 1
(3, 65): 1
(57, 66): 1
(4, 67): 1
(59, 67): 1
(5, 68): 1
(7, 69): 1
(8, 70): 1
(20, 71): 1
(21, 72): 1
(22, 73): 1
(18, 74): 1
(19, 74): 1
(9, 75): 1
(10, 76): 1
(12, 77): 1
(13, 78): 1
(14, 79): 1
(15, 80): 1
(16, 80): 1
(17, 80): 1
(11, 81): 1
(23, 82): 1
(6, 83): 1
(31, 84): 1
(58, 84): 1
(24, 85): 1
(25, 86): 1
(26, 87): 1
(27, 88): 1
(59, 88): 1
(85, 88): 1
(16, 89): 1
(35, 89): 1
(15, 90): 1
(34, 90): 1
(18, 91): 1
(27, 91): 1
(53, 91): 1
(56, 91): 1
(81, 91): 1
Performing matrix exponentiation...
Exponentiation completed.
Resulting matrix after multiplication:
(0, 23): 0
(0, 38): 1
Non-zero entries of A^999999999992 modulo 1073741824:
(0, 0): 1
(1, 1): 1
(2, 2): 1
(3, 3): 1
(4, 4): 1
(5, 5): 1
(6, 6): 1
(7, 7): 1
(8, 8): 1
(9, 9): 1
(10, 10): 1
(11, 11): 1
(12, 12): 1
(13, 13): 1
(14, 14): 1
(15, 15): 1
(16, 16): 1
(17, 17): 1
(18, 18): 1
(19, 19): 1
(20, 20): 1
(21, 21): 1
(22, 22): 1
(23, 23): 0
(24, 24): 0
(25, 25): 1
(26, 26): 1
(27, 27): 1
(28, 28): 0
(29, 29): 0
(30, 30): 1
(31, 31): 1
(32, 32): 0
(33, 33): 1
(34, 34): 1
(35, 35): 1
(36, 36): 1
(37, 37): 708103713
(38, 38): 1
(39, 39): 1
(40, 40): 1
(41, 41): 1
(42, 42): 1
(43, 43): 1
(44, 44): 1
(45, 45): 1
(46, 46): 0
(47, 47): 1
(48, 48): 1
(49, 49): 1
(50, 50): 1
(51, 51): 1
(52, 52): 1
(53, 53): 1
(54, 54): 0
(55, 55): 1
(56, 56): 1
(57, 57): 1
(58, 58): 1
(59, 59): 1
(60, 60): 837228865
(61, 61): 1
(62, 62): 1
(63, 63): 1
(64, 64): 1
(65, 65): 1
(66, 66): 1
(67, 67): 0
(68, 68): 1
(69, 69): 1
(70, 70): 1
(71, 71): 1
(72, 72): 1
(73, 73): 1
(74, 74): 0
(75, 75): 1
(76, 76): 1
(77, 77): 1
(78, 78): 1
(79, 79): 1
(80, 80): 314657377
(81, 81): 1
(82, 82): 1
(83, 83): 1
(84, 84): 0
(85, 85): 1
(86, 86): 1
(87, 87): 1
(88, 88): 314657377
(89, 89): 0
(90, 90): 0
(91, 91): 708103713
